     1.000000    0.002000
     0.993636    0.003282
     0.981005    0.005975
     0.966213    0.009048
     0.950497    0.012200
     0.934157    0.015396
     0.917796    0.018546
     0.901424    0.021656
     0.884999    0.024720
     0.868551    0.027741
     0.852099    0.030716
     0.835640    0.033644
     0.819179    0.036525
     0.802720    0.039353
     0.786263    0.042128
     0.769800    0.044847
     0.753335    0.047511
     0.736878    0.050114
     0.720429    0.052650
     0.703979    0.055118
     0.687523    0.057519
     0.671082    0.059844
     0.654650    0.062089
     0.638214    0.064252
     0.621789    0.066328
     0.605373    0.068312
     0.588957    0.070200
     0.572541    0.071992
     0.556132    0.073682
     0.539732    0.075265
     0.523336    0.076739
     0.506944    0.078099
     0.490561    0.079342
     0.474189    0.080463
     0.457823    0.081458
     0.441469    0.082323
     0.425132    0.083053
     0.408807    0.083643
     0.392499    0.084089
     0.376215    0.084384
     0.359954    0.084523
     0.343721    0.084499
     0.327519    0.084306
     0.311352    0.083937
     0.295225    0.083385
     0.279144    0.082642
     0.263116    0.081698
     0.247144    0.080546
     0.231240    0.079176
     0.215412    0.077577
     0.199668    0.075739
     0.189237    0.074376
     0.178850    0.072897
     0.168507    0.071297
     0.158244    0.069576
     0.148043    0.067727
     0.137904    0.065741
     0.132898    0.064703
     0.127898    0.063626
     0.122908    0.062509
     0.117982    0.061364
     0.113064    0.060175
     0.108159    0.058943
     0.103327    0.057684
     0.098507    0.056379
     0.093700    0.055027
     0.089000    0.053652
     0.084312    0.052227
     0.079643    0.050750
     0.075105    0.049255
     0.070584    0.047704
     0.066085    0.046097
     0.061761    0.044486
     0.057458    0.042815
     0.053181    0.041080
     0.049174    0.039381
     0.045193    0.037617
     0.041246    0.035783
     0.037715    0.034065
     0.034216    0.032281
     0.030756    0.030426
     0.027857    0.028795
     0.024994    0.027102
     0.022170    0.025344
     0.019944    0.023888
     0.017751    0.022382
     0.015596    0.020824
     0.013950    0.019573
     0.012334    0.018283
     0.010753    0.016951
     0.009546    0.015878
     0.008368    0.014772
     0.007223    0.013633
     0.006335    0.012693
     0.005476    0.011727
     0.004650    0.010731
     0.003998    0.009887
     0.003376    0.009020
     0.002787    0.008131
     0.002318    0.007357
     0.001879    0.006565
     0.001473    0.005754
     0.001151    0.005036
     0.000860    0.004304
     0.000603    0.003560
     0.000409    0.002891
     0.000246    0.002214
     0.000121    0.001528
     0.000044    0.000908
     0.000004    0.000284
     0.000000    0.000000
     0.000007   -0.000340
     0.000053   -0.000945
     0.000149   -0.001544
     0.000300   -0.002130
     0.000526   -0.002733
     0.000823   -0.003305
     0.001184   -0.003837
     0.001648   -0.004364
     0.002168   -0.004838
     0.002731   -0.005262
     0.003402   -0.005692
     0.004101   -0.006073
     0.004820   -0.006415
     0.005679   -0.006772
     0.006554   -0.007090
     0.007440   -0.007373
     0.008523   -0.007677
     0.009616   -0.007944
     0.010716   -0.008179
     0.012108   -0.008437
     0.013507   -0.008660
     0.014909   -0.008852
     0.016763   -0.009066
     0.018621   -0.009242
     0.020481   -0.009385
     0.023046   -0.009540
     0.025614   -0.009652
     0.028183   -0.009729
     0.031787   -0.009792
     0.038998   -0.009814
     0.053223   -0.009715
     0.069367   -0.009564
     0.086075   -0.009426
     0.102904   -0.009291
     0.119789   -0.009154
     0.136686   -0.009017
     0.153586   -0.008879
     0.170485   -0.008741
     0.187381   -0.008604
     0.204278   -0.008467
     0.221177   -0.008330
     0.238077   -0.008193
     0.254977   -0.008055
     0.271878   -0.007917
     0.288780   -0.007779
     0.305681   -0.007642
     0.322582   -0.007505
     0.339483   -0.007368
     0.356384   -0.007230
     0.373284   -0.007093
     0.390182   -0.006955
     0.407082   -0.006818
     0.423983   -0.006681
     0.440885   -0.006543
     0.457788   -0.006406
     0.474690   -0.006269
     0.491592   -0.006132
     0.508492   -0.005995
     0.525391   -0.005857
     0.542290   -0.005719
     0.559191   -0.005582
     0.576092   -0.005445
     0.592995   -0.005308
     0.609897   -0.005170
     0.626799   -0.005033
     0.643700   -0.004896
     0.660600   -0.004759
     0.677499   -0.004621
     0.694398   -0.004483
     0.711299   -0.004346
     0.728200   -0.004209
     0.745101   -0.004072
     0.762000   -0.003934
     0.778897   -0.003796
     0.795795   -0.003659
     0.812693   -0.003522
     0.829591   -0.003384
     0.846491   -0.003247
     0.863392   -0.003110
     0.880293   -0.002972
     0.897195   -0.002835
     0.914082   -0.002698
     0.930962   -0.002561
     0.947811   -0.002424
     0.964232   -0.002290
     0.980048   -0.002162
     0.993457   -0.002053
     1.000000   -0.002000
