    1.000000      0.1600000E-03
   0.9890036      0.3293420E-02
   0.9750593      0.7332663E-02
   0.9596684      0.1187274E-01
   0.9428459      0.1691000E-01
   0.9246875      0.2241533E-01
   0.9053507      0.2834826E-01
   0.8850356      0.3463475E-01
   0.8640204      0.4115835E-01
   0.8426546      0.4776563E-01
   0.8211814      0.5434489E-01
   0.7998092      0.6080715E-01
   0.7786550      0.6707267E-01
   0.7577802      0.7310039E-01
   0.7372377      0.7884394E-01
   0.7170297      0.8427266E-01
   0.6971437      0.8936472E-01
   0.6775494      0.9410504E-01
   0.6582049      0.9848675E-01
   0.6390684      0.1025070    
   0.6200974      0.1061615    
   0.6012369      0.1094470    
   0.5824149      0.1123673    
   0.5635684      0.1149365    
   0.5446518      0.1171647    
   0.5256031      0.1190654    
   0.5063771      0.1206591    
   0.4869730      0.1219616    
   0.4674208      0.1229805    
   0.4477509      0.1237205    
   0.4279887      0.1241873    
   0.4081667      0.1243853    
   0.3883353      0.1243198    
   0.3685552      0.1239917    
   0.3488791      0.1233990    
   0.3293483      0.1225421    
   0.3100099      0.1214250    
   0.2909297      0.1200555    
   0.2721872      0.1184423    
   0.2538660      0.1165952    
   0.2360468      0.1145281    
   0.2188167      0.1122537    
   0.2022741      0.1097912    
   0.1865100      0.1071684    
   0.1715914      0.1044173    
   0.1575565      0.1015718    
   0.1444318      0.9866850E-01
   0.1322279      0.9573597E-01
   0.1209288      0.9279215E-01
   0.1104947      0.8984997E-01
   0.1008737      0.8691770E-01
   0.9200551E-01  0.8400211E-01
   0.8382989E-01  0.8110379E-01
   0.7628787E-01  0.7822359E-01
   0.6932307E-01  0.7536254E-01
   0.6288905E-01  0.7251513E-01
   0.5694203E-01  0.6967520E-01
   0.5143909E-01  0.6683877E-01
   0.4634006E-01  0.6400359E-01
   0.4160995E-01  0.6117060E-01
   0.3721888E-01  0.5834278E-01
   0.3314301E-01  0.5552108E-01
   0.2936737E-01  0.5269897E-01
   0.2587619E-01  0.4986911E-01
   0.2265280E-01  0.4702553E-01
   0.1968211E-01  0.4416830E-01
   0.1695126E-01  0.4130079E-01
   0.1444879E-01  0.3842667E-01
   0.1216408E-01  0.3554970E-01
   0.1009064E-01  0.3267395E-01
   0.8229733E-02  0.2980314E-01
   0.6581246E-02  0.2693862E-01
   0.5143419E-02  0.2407987E-01
   0.3911168E-02  0.2122589E-01
   0.2865857E-02  0.1838147E-01
   0.1987656E-02  0.1555672E-01
   0.1263424E-02  0.1276482E-01
   0.6947421E-03  0.1001717E-01
   0.2841551E-03  0.7316046E-02
   0.3387510E-04  0.4656183E-02
  -0.5186230E-04  0.2026698E-02
   0.3531283E-04 -0.5882192E-03
   0.3025364E-03 -0.3208715E-02
   0.7474138E-03 -0.5851920E-02
   0.1368891E-02 -0.8525872E-02
   0.2165392E-02 -0.1122707E-01
   0.3147282E-02 -0.1393023E-01
   0.4362863E-02 -0.1658669E-01
   0.5872709E-02 -0.1915148E-01
   0.7698570E-02 -0.2161261E-01
   0.9819257E-02 -0.2398184E-01
   0.1220595E-01 -0.2626834E-01
   0.1482467E-01 -0.2847765E-01
   0.1766982E-01 -0.3061331E-01
   0.2074793E-01 -0.3268068E-01
   0.2406547E-01 -0.3468836E-01
   0.2762992E-01 -0.3664915E-01
   0.3145556E-01 -0.3857970E-01
   0.3555868E-01 -0.4050099E-01
   0.3995109E-01 -0.4243891E-01
   0.4465095E-01 -0.4440283E-01
   0.4969047E-01 -0.4638267E-01
   0.5511048E-01 -0.4836811E-01
   0.6095683E-01 -0.5035943E-01
   0.6727946E-01 -0.5236188E-01
   0.7413172E-01 -0.5438340E-01
   0.8156871E-01 -0.5643368E-01
   0.8965297E-01 -0.5851272E-01
   0.9845308E-01 -0.6061609E-01
   0.1080433     -0.6273967E-01
   0.1185019     -0.6487677E-01
   0.1298996     -0.6701817E-01
   0.1422912     -0.6914924E-01
   0.1557124     -0.7124834E-01
   0.1701760     -0.7329338E-01
   0.1856603     -0.7526246E-01
   0.2020971     -0.7712513E-01
   0.2193578     -0.7884207E-01
   0.2372897     -0.8037130E-01
   0.2557832     -0.8168041E-01
   0.2748077     -0.8275655E-01
   0.2943381     -0.8360693E-01
   0.3142935     -0.8424250E-01
   0.3345497     -0.8466425E-01
   0.3549862     -0.8487043E-01
   0.3755052     -0.8485929E-01
   0.3960372     -0.8462241E-01
   0.4165432     -0.8415286E-01
   0.4369901     -0.8344986E-01
   0.4573129     -0.8251740E-01
   0.4774259     -0.8134902E-01
   0.4972786     -0.7991948E-01
   0.5168769     -0.7820238E-01
   0.5362799     -0.7617142E-01
   0.5556052     -0.7379135E-01
   0.5750120     -0.7103820E-01
   0.5945922     -0.6792679E-01
   0.6144177     -0.6444847E-01
   0.6346048     -0.6061094E-01
   0.6552009     -0.5644820E-01
   0.6762103     -0.5199907E-01
   0.6975892     -0.4731570E-01
   0.7192332     -0.4246990E-01
   0.7409212     -0.3757759E-01
   0.7622745     -0.3277008E-01
   0.7829716     -0.2819452E-01
   0.8029183     -0.2395208E-01
   0.8220827     -0.2009411E-01
   0.8404692     -0.1665848E-01
   0.8581107     -0.1366254E-01
   0.8750395     -0.1111446E-01
   0.8912916     -0.9016634E-02
   0.9068970     -0.7369230E-02
   0.9218839     -0.6175211E-02
   0.9363091     -0.5437523E-02
   0.9502233     -0.5148832E-02
   0.9636304     -0.5315386E-02
   0.9765696     -0.6005883E-02
   0.9891846     -0.7279463E-02
    1.000000     -0.8860000E-02
