    1.000000     -0.4200000E-02
   0.9884990     -0.1105048E-02
   0.9738436      0.2807438E-02
   0.9576285      0.7096180E-02
   0.9399256      0.1173281E-01
   0.9208618      0.1666417E-01
   0.9005709      0.2185411E-01
   0.8792710      0.2730595E-01
   0.8572544      0.3294359E-01
   0.8348093      0.3868695E-01
   0.8122060      0.4448151E-01
   0.7896148      0.5023139E-01
   0.7670357      0.5588438E-01
   0.7445282      0.6144668E-01
   0.7222590      0.6685755E-01
   0.7001719      0.7206013E-01
   0.6782091      0.7707970E-01
   0.6563792      0.8191400E-01
   0.6347332      0.8656704E-01
   0.6133430      0.9097047E-01
   0.5920858      0.9511978E-01
   0.5709392      0.9903534E-01
   0.5499167      0.1027141    
   0.5290128      0.1061609    
   0.5083068      0.1093772    
   0.4878633      0.1123027    
   0.4675932      0.1149290    
   0.4474870      0.1172807    
   0.4276358      0.1193482    
   0.4080271      0.1210812    
   0.3885899      0.1224921    
   0.3693474      0.1235920    
   0.3503186      0.1243890    
   0.3315792      0.1248951    
   0.3132098      0.1250824    
   0.2952162      0.1249214    
   0.2775658      0.1244045    
   0.2602580      0.1235574    
   0.2433532      0.1224129    
   0.2269496      0.1209911    
   0.2111140      0.1192944    
   0.1958925      0.1173404    
   0.1813398      0.1151552    
   0.1674919      0.1127657    
   0.1543713      0.1102129    
   0.1420216      0.1075507    
   0.1304790      0.1048048    
   0.1197302      0.1019806    
   0.1097331      0.9908903E-01
   0.1004480      0.9614854E-01
   0.9183774E-01  0.9317601E-01
   0.8386319E-01  0.9017326E-01
   0.7647563E-01  0.8713871E-01
   0.6962327E-01  0.8407205E-01
   0.6326282E-01  0.8097721E-01
   0.5735883E-01  0.7786109E-01
   0.5187923E-01  0.7473138E-01
   0.4679482E-01  0.7159485E-01
   0.4208582E-01  0.6844746E-01
   0.3773432E-01  0.6527886E-01
   0.3371908E-01  0.6208250E-01
   0.3001737E-01  0.5886347E-01
   0.2660792E-01  0.5562859E-01
   0.2347134E-01  0.5238334E-01
   0.2058774E-01  0.4913525E-01
   0.1793793E-01  0.4589460E-01
   0.1550569E-01  0.4267150E-01
   0.1327678E-01  0.3947544E-01
   0.1123879E-01  0.3631497E-01
   0.9386517E-02  0.3319549E-01
   0.7717657E-02  0.3011868E-01
   0.6228096E-02  0.2708412E-01
   0.4912776E-02  0.2408997E-01
   0.3764774E-02  0.2113371E-01
   0.2773250E-02  0.1821507E-01
   0.1928346E-02  0.1533789E-01
   0.1225424E-02  0.1251011E-01
   0.6710373E-03  0.9739730E-02
   0.2707381E-03  0.7025484E-02
   0.2940646E-04  0.4358632E-02
  -0.4608160E-04  0.1725013E-02
   0.5545569E-04 -0.8944077E-03
   0.3412496E-03 -0.3521909E-02
   0.8085969E-03 -0.6174291E-02
   0.1456644E-02 -0.8858329E-02
   0.2283784E-02 -0.1156805E-01
   0.3304490E-02 -0.1427382E-01
   0.4568278E-02 -0.1692748E-01
   0.6132666E-02 -0.1948774E-01
   0.8009627E-02 -0.2194757E-01
   0.1017835E-01 -0.2431586E-01
   0.1261152E-01 -0.2659810E-01
   0.1528062E-01 -0.2879800E-01
   0.1818362E-01 -0.3092545E-01
   0.2132358E-01 -0.3299528E-01
   0.2470049E-01 -0.3502728E-01
   0.2831316E-01 -0.3704366E-01
   0.3217555E-01 -0.3905079E-01
   0.3630908E-01 -0.4104980E-01
   0.4073802E-01 -0.4304306E-01
   0.4549148E-01 -0.4503409E-01
   0.5060214E-01 -0.4702776E-01
   0.5610598E-01 -0.4902946E-01
   0.6204560E-01 -0.5104224E-01
   0.6846767E-01 -0.5307024E-01
   0.7542100E-01 -0.5512035E-01
   0.8295694E-01 -0.5719895E-01
   0.9113640E-01 -0.5929863E-01
   0.1000299     -0.6140680E-01
   0.1097229     -0.6351276E-01
   0.1203052     -0.6561914E-01
   0.1318373     -0.6773191E-01
   0.1443413     -0.6982443E-01
   0.1578644     -0.7184285E-01
   0.1724966     -0.7378569E-01
   0.1882043     -0.7568881E-01
   0.2048171     -0.7750311E-01
   0.2222244     -0.7915946E-01
   0.2403758     -0.8062071E-01
   0.2591851     -0.8189599E-01
   0.2784776     -0.8297713E-01
   0.2981441     -0.8383197E-01
   0.3181001     -0.8444827E-01
   0.3383023     -0.8480346E-01
   0.3587615     -0.8493108E-01
   0.3793268     -0.8487213E-01
   0.3998091     -0.8460373E-01
   0.4201914     -0.8406626E-01
   0.4405131     -0.8326451E-01
   0.4607453     -0.8220339E-01
   0.4808775     -0.8089136E-01
   0.5008416     -0.7932812E-01
   0.5206125     -0.7746391E-01
   0.5403266     -0.7522811E-01
   0.5601941     -0.7262563E-01
   0.5802744     -0.6970957E-01
   0.6005189     -0.6651482E-01
   0.6209257     -0.6302756E-01
   0.6415090     -0.5924426E-01
   0.6623424     -0.5512107E-01
   0.6836403     -0.5068376E-01
   0.7052867     -0.4606319E-01
   0.7270851     -0.4134862E-01
   0.7487464     -0.3667006E-01
   0.7699117     -0.3210579E-01
   0.7902374     -0.2767857E-01
   0.8097211     -0.2361024E-01
   0.8286239     -0.1989744E-01
   0.8466187     -0.1650761E-01
   0.8636349     -0.1357775E-01
   0.8797823     -0.1109634E-01
   0.8949746     -0.9128451E-02
   0.9094523     -0.7806061E-02
   0.9235586     -0.7051851E-02
   0.9373060     -0.6744116E-02
   0.9506224     -0.6920390E-02
   0.9635870     -0.7646708E-02
   0.9763253     -0.8967624E-02
   0.9889753     -0.1093495E-01
    1.000000     -0.1320000E-01
