  
       RFOIL         Version 3.0
 Calculated polar for:                                 
  
 1  Reynolds number fixed
  
 xtrf =   1.000 (suction)    1.000 (pressure)
 Rot. Parameters:  f0 =   1.000 c/r =   0.000
 Suction from =   1.000 to =   1.000  at vs =  0.000
 Mach =   0.000     Re =     1.600 e 6     Ncrit =   9.000
  
   alpha     CL           CD         Re(CL)        CM        S_xtr         P_xtr      CDp  
  ---------- ----------- ------------ ------------ ----------- ---------- ---------- ------------ 
   0.000   0.4268328   0.00825716   1.60000000  -0.1272833  0.4788153  0.4684640   0.00302401
   0.500   0.4897946   0.00838862   1.60000000  -0.1288561  0.4720520  0.4737686   0.00311341
   1.000   0.5541547   0.00839617   1.60000000  -0.1306772  0.4674737  0.4799513   0.00314942
   1.500   0.6175227   0.00847607   1.60000000  -0.1323076  0.4621170  0.4850332   0.00323408
   2.000   0.6790443   0.00867499   1.60000000  -0.1335365  0.4559452  0.4901576   0.00338651
   2.500   0.7427623   0.00869281   1.60000000  -0.1351788  0.4521617  0.4955074   0.00346262
   3.000   0.8052825   0.00878830   1.60000000  -0.1365752  0.4475429  0.5000936   0.00358833
   3.500   0.8655684   0.00902971   1.60000000  -0.1375390  0.4414605  0.5048185   0.00378425
   4.000   0.9277110   0.00911512   1.60000000  -0.1388168  0.4372498  0.5094916   0.00392048
   4.500   0.9895791   0.00920762   1.60000000  -0.1400481  0.4318705  0.5144585   0.00407334
   5.000   1.0481536   0.00950669   1.60000000  -0.1406867  0.4239064  0.5184651   0.00432967
   5.500   1.1096160   0.00958328   1.60000000  -0.1417345  0.4155950  0.5220741   0.00443738
   6.000   1.1689824   0.00978697   1.60000000  -0.1425380  0.3995746  0.5275758   0.00463750
   6.500   1.2270567   0.01005312   1.60000000  -0.1430558  0.3862103  0.5314822   0.00490374
   7.000   1.2834621   0.01039580   1.60000000  -0.1432679  0.3686242  0.5352847   0.00520003
   7.500   1.3330239   0.01112911   1.60000000  -0.1424030  0.3310140  0.5391964   0.00573378
   8.000   1.3721949   0.01236250   1.60000000  -0.1399825  0.2764831  0.5438062   0.00670144
   8.500   1.3960237   0.01405002   1.60000000  -0.1350160  0.2189141  0.5476581   0.00808186
   9.000   1.3995113   0.01592586   1.60000000  -0.1266614  0.1759240  0.5508984   0.00975465
   9.500   1.4013560   0.01844217   1.60000000  -0.1196141  0.1410441  0.5537291   0.01212279
  10.000   1.3979154   0.02172576   1.60000000  -0.1136528  0.1145889  0.5583586   0.01537919
  10.500   1.3878711   0.02613446   1.60000000  -0.1088850  0.0952310  0.5615429   0.01981677
  11.000   1.3691247   0.03197952   1.60000000  -0.1053171  0.0814294  0.5643570   0.02575309
  11.500   1.3453072   0.03885763   1.60000000  -0.1028291  0.0716218  0.5673507   0.03276102
  12.000   1.3153476   0.04648664   1.60000000  -0.1008449  0.0646542  0.5695040   0.04055330
  12.500   1.2788294   0.05484301   1.60000000  -0.0993211  0.0590692  0.5719047   0.04908822
  13.000   1.2515828   0.06279819   1.60000000  -0.0988072  0.0538626  0.5749464   0.05721925
  13.500   1.2266009   0.07102320   1.60000000  -0.0990014  0.0485577  0.5777183   0.06560239
  14.000   1.2100475   0.07879220   1.60000000  -0.0997905  0.0438851  0.5800743   0.07349021
  14.500   1.1995401   0.08618100   1.60000000  -0.1008972  0.0392514  0.5825016   0.08098844
  15.000   1.1913350   0.09344072   1.60000000  -0.1022992  0.0345341  0.5848839   0.08830978
  15.500   1.1898127   0.10014593   1.60000000  -0.1038903  0.0312806  0.5869540   0.09510970
  16.000   1.1896276   0.10698529   1.60000000  -0.1060306  0.0284071  0.5914347   0.10205507
  16.500   1.1915786   0.11359487   1.60000000  -0.1083190  0.0259035  0.5943118   0.10878023
  17.000   1.1962199   0.11988654   1.60000000  -0.1107295  0.0239856  0.5971379   0.11515863
  17.500   1.1991769   0.12649581   1.60000000  -0.1136007  0.0219769  0.5998898   0.12184178
  18.000   1.2065290   0.13263136   1.60000000  -0.1165932  0.0205648  0.6025523   0.12806722
  18.500   1.2137706   0.13913576   1.60000000  -0.1202249  0.0194054  0.6060695   0.13467507
  19.000   1.2193566   0.14596510   1.60000000  -0.1244008  0.0182799  0.6099738   0.14161364
  19.500   1.2205564   0.15357252   1.60000000  -0.1294503  0.0168887  0.6128142   0.14933165
  20.000   1.2292772   0.16029237   1.60000000  -0.1341487  0.0162636  0.6158151   0.15616610
  -0.500   0.3618386   0.00824528   1.60000000  -0.1252100  0.4844699  0.4624575   0.00300236
  -1.000   0.2972399   0.00824204   1.60000000  -0.1233270  0.4898060  0.4561707   0.00300218
  -1.500   0.2327434   0.00816600   1.60000000  -0.1213036  0.4978893  0.4502131   0.00297950
  -2.000   0.1668196   0.00820319   1.60000000  -0.1189853  0.5045287  0.4430952   0.00303123
  -2.500   0.1013498   0.00819068   1.60000000  -0.1167299  0.5123666  0.4361796   0.00305625
  -3.000   0.0341981   0.00826844   1.60000000  -0.1140111  0.5201416  0.4286691   0.00316545
  -3.500  -0.0322089   0.00830091   1.60000000  -0.1114722  0.5289940  0.4222022   0.00324846
  -4.000  -0.1014934   0.00846478   1.60000000  -0.1080924  0.5388076  0.4143521   0.00344942
  -4.500  -0.1697159   0.00855917   1.60000000  -0.1049561  0.5490970  0.4070306   0.00362093
  -5.000  -0.2447868   0.00892728   1.60000000  -0.0997781  0.5597623  0.3994294   0.00404495
  -5.500  -0.3181404   0.00923481   1.60000000  -0.0949910  0.5711390  0.3916876   0.00444684
  -6.000  -0.3961688   0.00977847   1.60000000  -0.0885612  0.5835175  0.3829969   0.00508159
  -6.500  -0.4737480   0.01041690   1.60000000  -0.0819411  0.5977172  0.3742636   0.00580039
  -7.000  -0.5510856   0.01126018   1.60000000  -0.0748133  0.6111985  0.3615555   0.00671571
  -7.500  -0.6268171   0.01247167   1.60000000  -0.0668763  0.6255512  0.3466528   0.00799484
  -8.000  -0.6941269   0.01386570   1.60000000  -0.0600033  0.6406739  0.3340701   0.00947513
  -8.500  -0.7487631   0.01567465   1.60000000  -0.0542878  0.6563156  0.3222076   0.01136076
  -9.000  -0.7685834   0.01823770   1.60000000  -0.0527192  0.6723620  0.3103703   0.01399382
  -9.500  -0.7782843   0.02100576   1.60000000  -0.0527903  0.6892414  0.2964048   0.01681379
 -10.000  -0.7899867   0.02371777   1.60000000  -0.0527549  0.7092370  0.2837847   0.01959742
 -10.500  -0.7995371   0.02680150   1.60000000  -0.0525195  0.7287252  0.2704992   0.02276065
 -11.000  -0.8080259   0.03019744   1.60000000  -0.0520759  0.7503503  0.2566110   0.02623961
 -11.500  -0.8098479   0.03427557   1.60000000  -0.0514894  0.7758093  0.2401724   0.03039993
 -12.000  -0.8149811   0.03832508   1.60000000  -0.0507195  0.8056595  0.2252190   0.03455021
 -12.500  -0.8202403   0.04254685   1.60000000  -0.0498082  0.8418202  0.2095970   0.03892449
 -13.000  -0.8191828   0.04728507   1.60000000  -0.0491739  0.9018103  0.1907651   0.04389879
 -13.500  -0.8052774   0.05404751   1.60000000  -0.0469344  0.9900000  0.1663929   0.05081633
 -14.000  -0.8004629   0.06014642   1.60000000  -0.0448870  0.9900000  0.1480672   0.05687581
 -14.500  -0.7978482   0.06620416   1.60000000  -0.0426941  0.9900000  0.1332484   0.06291112
 -15.000  -0.7975125   0.07231676   1.60000000  -0.0402763  0.9900000  0.1205050   0.06901778
