   1.000000  0.003254
   0.992034  0.005536
   0.980658  0.008725
   0.966567  0.012524
   0.950330  0.016751
   0.932729  0.021252
   0.914700  0.025822
   0.896472  0.030415
   0.878208  0.034996
   0.859992  0.039539
   0.841837  0.044032
   0.823625  0.048502
   0.805345  0.052964
   0.787198  0.057364
   0.769199  0.061679
   0.751229  0.065928
   0.733203  0.070133
   0.715162  0.074289
   0.697198  0.078371
   0.679351  0.082359
   0.661592  0.086248
   0.643924  0.090029
   0.626353  0.093690
   0.608857  0.097228
   0.591421  0.100638
   0.574048  0.103914
   0.556773  0.107042
   0.539650  0.110002
   0.522644  0.112784
   0.505716  0.115388
   0.488866  0.117810
   0.472123  0.120037
   0.455612  0.122043
   0.439357  0.123802
   0.423225  0.125318
   0.407190  0.126590
   0.391337  0.127607
   0.375846  0.128346
   0.360835  0.128777
   0.346153  0.128880
   0.331602  0.128648
   0.317030  0.128081
   0.302344  0.127181
   0.287585  0.125961
   0.272808  0.124424
   0.258039  0.122575
   0.243313  0.120419
   0.228627  0.117955
   0.214026  0.115191
   0.199554  0.112133
   0.185208  0.108778
   0.171014  0.105132
   0.157034  0.101208
   0.143309  0.097013
   0.129887  0.092558
   0.116820  0.087855
   0.104160  0.082920
   0.091972  0.077773
   0.080310  0.072439
   0.069264  0.066961
   0.058919  0.061390
   0.049396  0.055818
   0.040812  0.050338
   0.033227  0.045045
   0.026676  0.040039
   0.021135  0.035383
   0.016508  0.031099
   0.012684  0.027180
   0.009537  0.023583
   0.006955  0.020258
   0.004856  0.017149
   0.003168  0.014196
   0.001886  0.011338
   0.001001  0.008484
   0.000434  0.005594
   0.000103  0.002695
   0.000000 -0.000177
   0.000131 -0.003112
   0.000502 -0.006167
   0.001131 -0.009334
   0.002040 -0.012605
   0.003266 -0.015971
   0.004856 -0.019442
   0.006860 -0.023047
   0.009342 -0.026833
   0.012373 -0.030865
   0.016021 -0.035180
   0.020343 -0.039776
   0.025354 -0.044584
   0.031065 -0.049515
   0.037510 -0.054510
   0.044746 -0.059550
   0.052857 -0.064649
   0.061849 -0.069776
   0.071720 -0.074901
   0.082388 -0.079964
   0.093704 -0.084885
   0.105501 -0.089578
   0.117700 -0.094005
   0.130222 -0.098134
   0.143055 -0.101960
   0.156174 -0.105479
   0.169497 -0.108672
   0.183005 -0.111532
   0.196707 -0.114063
   0.210607 -0.116268
   0.224690 -0.118149
   0.238907 -0.119704
   0.253199 -0.120927
   0.267567 -0.121816
   0.282010 -0.122373
   0.296517 -0.122599
   0.311142 -0.122496
   0.325834 -0.122070
   0.340629 -0.121317
   0.355584 -0.120246
   0.370565 -0.118870
   0.385611 -0.117185
   0.400695 -0.115202
   0.415703 -0.112933
   0.430661 -0.110370
   0.445642 -0.107502
   0.460684 -0.104327
   0.475810 -0.100845
   0.491064 -0.097052
   0.506478 -0.092953
   0.522069 -0.088555
   0.537859 -0.083866
   0.553867 -0.078898
   0.570082 -0.073672
   0.586506 -0.068205
   0.603191 -0.062500
   0.620200 -0.056564
   0.637650 -0.050397
   0.655276 -0.044148
   0.672462 -0.038101
   0.689149 -0.032332
   0.705375 -0.026874
   0.721137 -0.021765
   0.736468 -0.017028
   0.751395 -0.012682
   0.765944 -0.008741
   0.780163 -0.005210
   0.794120 -0.002086
   0.807876  0.000638
   0.821486  0.002967
   0.834990  0.004907
   0.848407  0.006458
   0.861749  0.007622
   0.874988  0.008396
   0.888114  0.008777
   0.901116  0.008765
   0.913980  0.008353
   0.926845  0.007530
   0.939895  0.006284
   0.953314  0.004611
   0.966976  0.002564
   0.980244  0.000321
   0.991806 -0.001756
   1.000000 -0.003246
