     1.000000    0.000000
     0.994941    0.000425
     0.988843    0.001005
     0.980005    0.001913
     0.966206    0.003445
     0.940930    0.006528
     0.915206    0.009891
     0.889312    0.013422
     0.863351    0.017056
     0.837361    0.020770
     0.811329    0.024549
     0.785255    0.028383
     0.759151    0.032251
     0.733057    0.036133
     0.707024    0.040004
     0.681034    0.043843
     0.655042    0.047629
     0.629040    0.051353
     0.603045    0.054983
     0.577077    0.058490
     0.551151    0.061850
     0.525266    0.065040
     0.499426    0.068034
     0.473638    0.070805
     0.447911    0.073327
     0.422240    0.075570
     0.396624    0.077505
     0.371086    0.079099
     0.345647    0.080317
     0.320316    0.081126
     0.295075    0.081485
     0.269906    0.081348
     0.244837    0.080663
     0.219981    0.079375
     0.195394    0.077423
     0.171054    0.074734
     0.147058    0.071238
     0.123602    0.066868
     0.100868    0.061529
     0.079006    0.055065
     0.058622    0.047462
     0.040453    0.038911
     0.024995    0.029665
     0.014925    0.021997
     0.008320    0.015629
     0.005235    0.011942
     0.003176    0.008973
     0.001742    0.006415
     0.000850    0.004358
     0.000363    0.002808
     0.000057    0.001252
     0.000000    0.000000
     0.000208   -0.001085
     0.000696   -0.002280
     0.001355   -0.003407
     0.002508   -0.004797
     0.004354   -0.006373
     0.006983   -0.008036
     0.012888   -0.010743
     0.022334   -0.013774
     0.037163   -0.017073
     0.057854   -0.020166
     0.081515   -0.022563
     0.106416   -0.024352
     0.131898   -0.025702
     0.157646   -0.026729
     0.183577   -0.027511
     0.209582   -0.028095
     0.235646   -0.028517
     0.261771   -0.028801
     0.287930   -0.028964
     0.314103   -0.029020
     0.340290   -0.028980
     0.366492   -0.028853
     0.392714   -0.028647
     0.418953   -0.028367
     0.445205   -0.028017
     0.471462   -0.027600
     0.497719   -0.027117
     0.523969   -0.026573
     0.550218   -0.025967
     0.576482   -0.025298
     0.602765   -0.024568
     0.629042   -0.023774
     0.655291   -0.022920
     0.681544   -0.022002
     0.707824   -0.021018
     0.734085   -0.019964
     0.760302   -0.018836
     0.786491   -0.017622
     0.812631   -0.016311
     0.838684   -0.014879
     0.864677   -0.013296
     0.890548   -0.011520
     0.916179   -0.009505
     0.941594   -0.007196
     0.966491   -0.004550
     0.980234   -0.002858
     0.988886   -0.001655
     0.994983   -0.000740
     1.000000    0.000000
