NREL S822
     1.000000    0.000000
     0.993463    0.001309
     0.982210    0.004018
     0.969326    0.007390
     0.955385    0.011020
     0.940928    0.014691
     0.926191    0.018370
     0.911281    0.022081
     0.896311    0.025827
     0.881339    0.029595
     0.866365    0.033379
     0.851385    0.037162
     0.836409    0.040928
     0.821456    0.044660
     0.806541    0.048346
     0.791674    0.051970
     0.776861    0.055513
     0.762111    0.058953
     0.747427    0.062268
     0.732801    0.065439
     0.718209    0.068449
     0.703625    0.071294
     0.689023    0.073977
     0.674383    0.076496
     0.659687    0.078858
     0.644931    0.081075
     0.630124    0.083152
     0.615281    0.085093
     0.600420    0.086894
     0.585559    0.088554
     0.570713    0.090068
     0.555889    0.091425
     0.541085    0.092617
     0.526289    0.093638
     0.511490    0.094490
     0.496671    0.095173
     0.481820    0.095689
     0.466927    0.096045
     0.451991    0.096251
     0.437021    0.096317
     0.422032    0.096247
     0.407034    0.096043
     0.392035    0.095708
     0.377039    0.095244
     0.362048    0.094649
     0.347065    0.093925
     0.332095    0.093069
     0.317142    0.092081
     0.302211    0.090958
     0.287308    0.089698
     0.272437    0.088297
     0.257605    0.086750
     0.242816    0.085053
     0.228078    0.083199
     0.213402    0.081183
     0.198804    0.078997
     0.184293    0.076629
     0.169875    0.074069
     0.155560    0.071305
     0.141370    0.068328
     0.127345    0.065129
     0.113532    0.061694
     0.099982    0.058007
     0.086769    0.054058
     0.073999    0.049848
     0.061848    0.045405
     0.050577    0.040810
     0.040494    0.036192
     0.031853    0.031722
     0.024729    0.027546
     0.019021    0.023757
     0.014489    0.020355
     0.010906    0.017296
     0.008055    0.014535
     0.005780    0.012022
     0.003989    0.009713
     0.002598    0.007571
     0.001535    0.005568
     0.000753    0.003687
     0.000235    0.001918
     0.000006    0.000235
     0.000140   -0.001406
     0.000663   -0.003103
     0.001507   -0.004867
     0.002629   -0.006710
     0.004072   -0.008659
     0.005893   -0.010747
     0.008167   -0.013003
     0.011014   -0.015451
     0.014571   -0.018113
     0.018991   -0.021026
     0.024516   -0.024229
     0.031414   -0.027722
     0.039854   -0.031449
     0.049784   -0.035250
     0.060944   -0.038957
     0.073072   -0.042453
     0.085904   -0.045673
     0.099243   -0.048593
     0.112938   -0.051219
     0.126896   -0.053563
     0.141056   -0.055641
     0.155386   -0.057474
     0.169860   -0.059081
     0.184447   -0.060481
     0.199125   -0.061687
     0.213877   -0.062711
     0.228697   -0.063566
     0.243578   -0.064263
     0.258511   -0.064814
     0.273488   -0.065226
     0.288500   -0.065507
     0.303540   -0.065665
     0.318605   -0.065705
     0.333690   -0.065632
     0.348795   -0.065450
     0.363919   -0.065165
     0.379059   -0.064781
     0.394213   -0.064302
     0.409375   -0.063732
     0.424541   -0.063073
     0.439708   -0.062328
     0.454879   -0.061496
     0.470054   -0.060581
     0.485229   -0.059582
     0.500393   -0.058502
     0.515532   -0.057340
     0.530638   -0.056090
     0.545717   -0.054746
     0.560782   -0.053303
     0.575852   -0.051764
     0.590940   -0.050132
     0.606052   -0.048411
     0.621192   -0.046611
     0.636359   -0.044739
     0.651551   -0.042805
     0.666761   -0.040816
     0.681980   -0.038778
     0.697193   -0.036694
     0.712386   -0.034567
     0.727552   -0.032394
     0.742695   -0.030168
     0.757836   -0.027885
     0.772996   -0.025546
     0.788179   -0.023160
     0.803375   -0.020741
     0.818560   -0.018317
     0.833709   -0.015923
     0.848793   -0.013592
     0.863793   -0.011352
     0.878708   -0.009227
     0.893545   -0.007239
     0.908292   -0.005411
     0.922907   -0.003769
     0.937333   -0.002350
     0.951493   -0.001189
     0.965186   -0.000322
     0.977998    0.000201
     0.989382    0.000308
     0.996030    0.000180
